
 11 12 13 14 17 17 18 19 19 19 20 20 23 23 27
 10 10 14 15 15 18 20 21 21 24 25 25 26 28 28
 10 11 15 17 18 20 20 21 21 22 26 27 27 27 27
 11 12 12 12 14 16 16 17 18 20 21 22 24 27 28
 11 11 12 12 13 13 15 15 21 22 23 24 27 28 28
 14 14 16 18 19 20 20 22 23 25 26 27 27 28 28
 10 11 11 13 13 13 16 17 19 20 20 22 23 23 26
 10 11 14 15 18 19 20 20 22 22 23 24 26 27 28
 13 14 14 15 17 19 20 20 20 22 24 24 25 27 27
 10 11 11 14 15 17 17 17 17 18 18 19 20 21 23
 10 11 12 15 19 19 20 21 24 24 24 25 27 28 28
 10 10 10 11 12 16 17 18 19 21 22 22 24 26 27
 10 10 11 11 12 13 14 15 16 19 20 25 25 25 28
 10 11 12 15 17 18 20 21 22 22 23 26 26 26 27
 11 12 16 17 19 19 21 22 23 23 24 25 25 25 28